0	0	1420.59	-39.79	0.955	0.000	0.95	10.55
5	0	1420.58	-40.95	4.225	0.741	23.40	10.55
10	0	1420.58	-41.83	5.105	1.476	43.31	10.55
15	0	1420.58	-42.40	5.675	2.200	62.62	10.55
20	0	1420.58	-42.63	5.905	2.907	81.15	10.55
25	0	1420.60	-42.56	1.614	3.592	94.59	10.55
30	0	1420.56	-42.10	9.597	4.250	119.60	10.55
35	0	1420.56	-41.39	8.887	4.875	135.07	10.55
40	0	1420.56	-40.30	7.797	5.464	149.21	10.55
50	0	1420.55	-37.28	6.887	6.511	175.42	10.55
55	0	1420.53	-35.37	9.198	6.963	189.41	10.55
60	0	1420.52	-33.16	9.099	7.361	199.62	10.55
65	0	1420.52	-30.70	6.639	7.704	206.03	10.55
70	0	1420.51	-28.03	6.080	7.987	212.81	10.55
75	0	1420.51	-25.03	3.080	8.210	215.58	10.55
80	0	1420.50	-21.93	2.090	8.371	218.75	10.55
85	0	1420.50	-18.73	-1.110	8.468	218.05	10.55
90	0	1420.51	-15.33	-6.620	8.500	213.38	10.55
 
