-11    81.0    57.9  0.71    85.7  57.6    111.2    117.1         9      7.4
-10   112.8    72.4  0.64    86.7  57.9    125.0    116.6         5      7.2
-9   125.5    78.7  0.63    90.5  59.9    131.3    118.1        10      7.0
-8    80.1    52.5  0.66    94.4  62.6    110.2    120.9        13      7.1
-7    86.1    57.0  0.66    97.9  65.5    115.6    123.9         9      7.3
-6    90.2    66.0  0.73   103.7  69.0    114.7    127.9         9      7.6
-5    55.0    37.0  0.67    -1.0  -1.0    102.7     -1.0         5     -1.0
-4   127.1    85.6  0.67    -1.0  -1.0    132.3     -1.0         7     -1.0
-3   125.7    77.6  0.62    -1.0  -1.0    148.4     -1.0         5     -1.0
-2   118.2    90.3  0.76    -1.0  -1.0    147.7     -1.0         5     -1.0
-1   125.9    82.0  0.65    -1.0  -1.0    158.6     -1.0         6     -1.0
0   174.6   102.8  0.59    -1.0  -1.0    170.3     -1.0        12     -1.0