-49    21.3    13.2  0.62    14.8   9.3     81.1     75.5         3      5.0
-48    31.0    18.8  0.60    16.7  10.6     84.7     76.5         5      5.1
-47    24.7    15.4  0.62    19.1  12.3     83.3     77.5         5      5.3
-46    11.2     8.0  0.71    21.4  14.0     75.9     78.3        10      5.5
-45    19.9     8.7  0.44    23.8  15.5     73.8     79.0         8      5.7
-44    17.9    13.6  0.75    25.2  16.4     72.6     79.7         7      5.8
-43    23.1    16.1  0.70    25.9  16.7     79.9     80.1         5      6.0
-42    28.2    19.6  0.70    27.3  17.4     79.7     80.7         8      6.2
-41    35.6    25.2  0.71    30.6  19.6     81.1     82.4         5      6.3
-40    35.0    23.5  0.67    35.9  23.2     81.6     85.3         6      6.4
-39    36.1    21.5  0.60    40.5  26.5     82.5     87.7         5      6.4
-38    22.0    14.4  0.66    43.8  28.8     84.3     89.6         4      6.5
-37    32.1    18.8  0.59    47.2  30.9     83.7     91.2         6      6.7
-36    53.2    29.6  0.55    50.6  33.4     94.5     92.7         6      6.8
-35    81.0    55.8  0.69    55.2  36.9    115.3     95.8         7      7.2
-34    81.7    54.4  0.67    61.5  41.8    112.6    100.4         9      7.5
-33    61.4    41.6  0.68    69.0  47.6     95.9    105.6         9      7.5
-32    55.5    37.0  0.67    76.5  53.2     95.8    110.9         8      7.4
-31    67.0    43.8  0.66    82.5  57.3     94.2    115.4         9      7.3
-30    66.1    50.6  0.77    84.9  59.0    101.7    117.9         8      7.4
-29   106.4    78.0  0.73    84.6  59.5    134.5    118.4        13      7.7
-28   116.8    88.0  0.75    84.6  59.9    137.2    118.4         7      8.0
-27   133.1    96.7  0.73    86.3  61.1    153.1    119.5         3      8.0
-26   106.3    73.0  0.69    89.2  63.4    141.2    121.6         3      8.0
-25    91.3    58.3  0.64    92.0  65.5    133.1    124.4         6      8.3
-24    50.1    32.9  0.66    94.2  66.9    106.7    126.7         7      8.4
-23    77.9    64.3  0.82    94.1  66.8    115.1    126.8        14      8.1
-22    84.4    55.2  0.65    91.3  64.6    113.1    125.8         9      8.0
-21    99.5    69.0  0.69    87.7  61.7    121.5    123.8         8      8.2
-20    88.6    64.5  0.73    83.9  58.9    120.5    121.1        10      8.3
-19    99.6    66.5  0.67    82.4  57.8    135.6    119.5        13      8.3
-18    85.8    63.0  0.74    83.1  58.2    115.7    119.2         7      8.1
-17    84.0    61.4  0.73    83.7  58.1    123.2    118.9         8      7.8
-16    73.5    53.3  0.73    85.0  58.6    123.3    119.2         9      7.4
-15    89.2    61.8  0.69    87.3  59.7    120.9    120.1         6      7.3
-14    60.4    40.8  0.68    88.0  59.6    108.4    120.1         3      7.5
-13    99.8    62.9  0.63    87.1  58.7    127.1    118.9         4      7.5
-12    60.0    38.1  0.63    86.7  58.4    104.4    118.0         5      7.4
-11    81.0    57.9  0.71    85.7  57.6    111.2    117.1         9      7.4
-10   112.8    72.4  0.64    86.7  57.9    125.0    116.6         5      7.2
-9   125.5    78.7  0.63    90.5  59.9    131.3    118.1        10      7.0
-8    80.1    52.5  0.66    94.4  62.6    110.2    120.9        13      7.1
-7    86.1    57.0  0.66    97.9  65.5    115.6    123.9         9      7.3
-6    90.2    66.0  0.73   103.7  69.0    114.7    127.9         9      7.6
-5    55.0    37.0  0.67    -1.0  -1.0    102.7     -1.0         5     -1.0
-4   127.1    85.6  0.67    -1.0  -1.0    132.3     -1.0         7     -1.0
-3   125.7    77.6  0.62    -1.0  -1.0    148.4     -1.0         5     -1.0
-2   118.2    90.3  0.76    -1.0  -1.0    147.7     -1.0         5     -1.0
-1   125.9    82.0  0.65    -1.0  -1.0    158.6     -1.0         6     -1.0
0   174.6   102.8  0.59    -1.0  -1.0    170.3     -1.0        12     -1.0