-5.8	-11.4	55.7229166667	123.074056702
-5.8	-10.4	160.4	120.393825977
-5.8	-09.4	116.616666667	117.975716663
-5.8	-08.4	35.3770833333	114.674074808
-5.8	-07.4	106.141666667	113.778415559
-5.8	-06.4	444.972916667	120.283357708
-5.8	-05.4	1275.20208333	119.518212506
-5.8	-04.4	3415.80833333	126.761846641
-5.8	-03.4	7432.19166667	215.103606658
-5.8	-02.4	12505.1458333	339.466305985
-5.8	-01.4	18521.0770833	409.991373507
-5.8	-0.4	24185.1208333	545.844189444
-5.8	0.6	27539.8125	499.551253887
-5.8	1.6	30736.3166667	520.0562527
-5.8	2.6	30811.5416667	570.741392048
-5.8	3.6	27440.25	513.451872136
-5.8	4.6	26314.9	441.195821509
-5.8	5.6	18118.6666667	413.211218352
-5.8	6.6	11434.4666667	275.039801918
-5.8	7.6	8351.5625	268.490702528
-5.8	8.6	4685.84583333	197.378049859
-5.8	9.6	2480.30416667	179.301576678
-5.8	10.6	282.114583333	145.557136533
-5.8	11.6	-183.627083333	129.729819785
-5.8	12.6	-362.916666667	113.261330069
-5.8	13.6	-354.622916667	135.735134606
-5.8	14.6	-283.095833333	133.803210534
-5.8	15.6	-316.8375	132.482490392
-5.8	16.6	-217.652083333	135.99004864
-5.8	17.6	-230.791666667	126.529194315
