8.2	2.6	219.60625	166.303035909
7.2	2.6	87.6583333333	152.792128442
6.2	2.6	113.772916667	145.130992181
5.2	2.6	177.852083333	162.7295878
4.2	2.6	314.441666667	184.686326232
3.2	2.6	249.9875	177.573164059
2.2	2.6	189.583333333	178.730951588
1.2	2.6	364.160416667	168.569326415
0.2	2.6	1305.48541667	169.467335827
-0.8	2.6	4447.19375	204.725620655
-1.8	2.6	9476.2875	247.4946503
-2.8	2.6	16397.9770833	375.524907762
-3.8	2.6	25305.0291667	423.106890532
-4.8	2.6	31214.0354167	500.770062208
-5.8	2.6	34053.09375	619.732978254
-6.8	2.6	32672.8791667	633.213074972
-7.8	2.6	27782.1395833	470.516425829
-8.8	2.6	20815.2645833	403.313673155
-9.8	2.6	13348.6395833	337.612969821
-10.8	2.6	7205.96458333	219.100307593
-11.8	2.6	2497.51458333	128.842922761
-12.8	2.6	513.45	115.642107743
-13.8	2.6	-219.535416667	81.3250870724
-14.8	2.6	-392.45625	101.154598895
-15.8	2.6	-375.6375	83.7781187249
-16.8	2.6	-114.81875	86.1773091177
-17.8	2.6	-138.38125	105.369509854
-18.8	2.6	-170.16875	95.8337800488
-19.8	2.6	-157.775	77.4471096405
-20.8	2.6	-173.860416667	84.5720396555
